 1.00000000e+00  7.08749301e-04 
 1.05947271e+00  7.09104284e-04 
 1.12248243e+00  7.09502535e-04 
 1.18923950e+00  7.09949298e-04 
 1.25996680e+00  7.10450447e-04 
 1.33490044e+00  7.11012557e-04 
 1.41429059e+00  7.11642987e-04 
 1.49840229e+00  7.12349970e-04 
 1.58751633e+00  7.13142710e-04 
 1.68193023e+00  7.14031498e-04 
 1.78195919e+00  7.15027831e-04 
 1.88793713e+00  7.16144547e-04 
 2.00021787e+00  7.17395970e-04 
 2.11917625e+00  7.18798074e-04 
 2.24520941e+00  7.20368661e-04 
 2.37873810e+00  7.22127549e-04 
 2.52020811e+00  7.24096779e-04 
 2.67009172e+00  7.26300846e-04 
 2.82888932e+00  7.28766931e-04 
 2.99713103e+00  7.31525165e-04 
 3.17537854e+00  7.34608898e-04 
 3.36422692e+00  7.38054986e-04 
 3.56430661e+00  7.41904092e-04 
 3.77628559e+00  7.46200994e-04 
 4.00087154e+00  7.50994905e-04 
 4.23881422e+00  7.56339792e-04 
 4.49090799e+00  7.62294692e-04 
 4.75799447e+00  7.68924029e-04 
 5.04096530e+00  7.76297907e-04 
 5.34076518e+00  7.84492395e-04 
 5.65839497e+00  7.93589776e-04 
 5.99491506e+00  8.03678763e-04 
 6.35144892e+00  8.14854685e-04 
 6.72918681e+00  8.27219619e-04 
 7.12938979e+00  8.40882477e-04 
 7.55339394e+00  8.55959043e-04 
 8.00261476e+00  8.72571968e-04 
 8.47855196e+00  8.90850714e-04 
 8.98279444e+00  9.10931472e-04 
 9.51702558e+00  9.32957049e-04 
 1.00830289e+01  9.57076750e-04 
 1.06826940e+01  9.83446273e-04 
 1.13180227e+01  1.01222762e-03 
 1.19911363e+01  1.04358904e-03 
 1.27042816e+01  1.07770510e-03 
 1.34598397e+01  1.11475673e-03 
 1.42603329e+01  1.15493143e-03 
 1.51084336e+01  1.19842359e-03 
 1.60069731e+01  1.24543486e-03 
 1.69589512e+01  1.29617466e-03 
 1.79675460e+01  1.35086081e-03 
 1.90361247e+01  1.40972027e-03 
 2.01682546e+01  1.47298990e-03 
 2.13677154e+01  1.54091746e-03 
 2.26385114e+01  1.61376253e-03 
 2.39848850e+01  1.69179763e-03 
 2.54113312e+01  1.77530935e-03 
 2.69226120e+01  1.86459955e-03 
 2.85237727e+01  1.95998660e-03 
 3.02201588e+01  2.06180675e-03 
 3.20174336e+01  2.17041547e-03 
 3.39215972e+01  2.28618884e-03 
 3.59390066e+01  2.40952510e-03 
 3.80763968e+01  2.54084613e-03 
 4.03409033e+01  2.68059908e-03 
 4.27400863e+01  2.82925804e-03 
 4.52819551e+01  2.98732573e-03 
 4.79749957e+01  3.15533540e-03 
 5.08281988e+01  3.33385265e-03 
 5.38510897e+01  3.52347750e-03 
 5.70537600e+01  3.72484645e-03 
 6.04469018e+01  3.93863470e-03 
 6.40418430e+01  4.16555846e-03 
 6.78505850e+01  4.40637745e-03 
 7.18858433e+01  4.66189745e-03 
 7.61610894e+01  4.93297304e-03 
 8.06905959e+01  5.22051053e-03 
 8.54894844e+01  5.52547100e-03 
 9.05737759e+01  5.84887351e-03 
 9.59604439e+01  6.19179860e-03 
 1.01667472e+02  6.55539185e-03 
 1.07713912e+02  6.94086776e-03 
 1.14119950e+02  7.34951383e-03 
 1.20906973e+02  7.78269487e-03 
 1.28097639e+02  8.24185755e-03 
 1.35715953e+02  8.72853528e-03 
 1.43787349e+02  9.24435332e-03 
 1.52338772e+02  9.79103422e-03 
 1.61398772e+02  1.03704036e-02 
 1.70997595e+02  1.09843963e-02 
 1.81167285e+02  1.16350628e-02 
 1.91941795e+02  1.23245759e-02 
 2.03357094e+02  1.30552386e-02 
 2.15451292e+02  1.38294910e-02 
 2.28264765e+02  1.46499192e-02 
 2.41840289e+02  1.55192634e-02 
 2.56223187e+02  1.64404276e-02 
 2.71461475e+02  1.74164888e-02 
 2.87606025e+02  1.84507078e-02 
 3.04710735e+02  1.95465400e-02 
 3.22832708e+02  2.07076469e-02 
 3.42032445e+02  2.19379084e-02 
 3.62374042e+02  2.32414362e-02 
 3.83925409e+02  2.46225873e-02 
 4.06758494e+02  2.60859789e-02 
 4.30949525e+02  2.76365036e-02 
 4.56579262e+02  2.92793469e-02 
 4.83733269e+02  3.10200035e-02 
 5.12502198e+02  3.28642972e-02 
 5.42982093e+02  3.48183997e-02 
 5.75274711e+02  3.68888524e-02 
 6.09487858e+02  3.90825882e-02 
 6.45735753e+02  4.14069557e-02 
 6.84139410e+02  4.38697443e-02 
 7.24827036e+02  4.64792111e-02 
 7.67934465e+02  4.92441095e-02 
 8.13605610e+02  5.21737197e-02 
 8.61992942e+02  5.52778813e-02 
 9.13258000e+02  5.85670278e-02 
 9.67571929e+02  6.20522237e-02 
 1.02511606e+03  6.57452035e-02 
 1.08608249e+03  6.96584148e-02 
 1.15067476e+03  7.38050623e-02 
 1.21910851e+03  7.81991573e-02 
 1.29161220e+03  8.28555685e-02 
 1.36842787e+03  8.77900784e-02 
 1.44981199e+03  9.30194429e-02 
 1.53603624e+03  9.85614558e-02 
 1.62738848e+03  1.04435018e-01 
 1.72417369e+03  1.10660214e-01 
 1.82671497e+03  1.17258392e-01 
 1.93535467e+03  1.24252253e-01 
 2.05045546e+03  1.31665946e-01 
 2.17240160e+03  1.39525176e-01 
 2.30160022e+03  1.47857316e-01 
 2.43848262e+03  1.56691533e-01 
 2.58350580e+03  1.66058930e-01 
 2.73715389e+03  1.75992696e-01 
 2.89993986e+03  1.86528277e-01 
 3.07240714e+03  1.97703565e-01 
 3.25513153e+03  2.09559109e-01 
 3.44872303e+03  2.22138351e-01 
 3.65382794e+03  2.35487890e-01 
 3.87113099e+03  2.49657785e-01 
 4.10135765e+03  2.64701891e-01 
 4.34527651e+03  2.80678251e-01 
 4.60370189e+03  2.97649536e-01 
 4.87749653e+03  3.15683552e-01 
 5.16757447e+03  3.34853832e-01 
 5.47490414e+03  3.55240311e-01 
 5.80051153e+03  3.76930118e-01 
 6.14548368e+03  4.00018505e-01 
 6.51097226e+03  4.24609930e-01 
 6.89819744e+03  4.50819341e-01 
 7.30845195e+03  4.78773696e-01 
 7.74310540e+03  5.08613776e-01 
 8.20360888e+03  5.40496355e-01 
 8.69149974e+03  5.74596816e-01 
 9.20840680e+03  6.11112309e-01 
 9.75605572e+03  6.50265609e-01 
 1.03362748e+04  6.92309837e-01 
 1.09510011e+04  7.37534277e-01 
 1.16022868e+04  7.86271609e-01 
 1.22923063e+04  8.38906953e-01 
 1.30233631e+04  8.95889277e-01 
 1.37978978e+04  9.57745913e-01 
 1.46184962e+04  1.02510120e+00 
 1.54878978e+04  1.09870070e+00 
 1.64090051e+04  1.17944295e+00 
 1.73848931e+04  1.26842172e+00 
 1.84188199e+04  1.36698299e+00 
 1.95142370e+04  1.47680285e+00 
 2.06748016e+04  1.59999618e+00 
 2.19043881e+04  1.73927079e+00 
 2.32071015e+04  1.89815123e+00 
 2.45872908e+04  2.08131166e+00 
 2.60495636e+04  2.29508516e+00 
 2.75988018e+04  2.54826922e+00 
 2.92401774e+04  2.85344876e+00 
 3.09791700e+04  3.22927073e+00 
 3.28215853e+04  3.70457364e+00 
 3.47735739e+04  4.32640486e+00 
 3.68416527e+04  5.17695525e+00 
 3.90327257e+04  6.41346253e+00 
 4.13541077e+04  8.37715709e+00 
 4.38135486e+04  1.19591899e+01 
 4.64192592e+04  2.02392620e+01 
 4.91799384e+04  4.31582565e+01 
 5.21048027e+04  2.82462549e+01 
 5.52036166e+04  1.47437205e+01 
 5.84867254e+04  9.70261496e+00 
 6.19650896e+04  7.17955482e+00 
 6.56503215e+04  5.67496468e+00 
 6.95547241e+04  4.67625476e+00 
 7.36913322e+04  3.96418206e+00 
 7.80739555e+04  3.42991216e+00 
 8.27172254e+04  3.01345481e+00 
 8.76366431e+04  2.67908115e+00 
 9.28486319e+04  2.40420651e+00 
 9.83705918e+04  2.17386483e+00 
 1.04220958e+05  1.97775091e+00 
 1.10419261e+05  1.80853973e+00 
 1.16986193e+05  1.66088314e+00 
 1.23943680e+05  1.53078586e+00 
 1.31314946e+05  1.41520333e+00 
 1.39124602e+05  1.31177476e+00 
 1.47398720e+05  1.21864112e+00 
 1.56164921e+05  1.13431816e+00 
 1.65452473e+05  1.05760604e+00 
 1.75292380e+05  9.87523831e-01 
 1.85717493e+05  9.23261165e-01 
 1.96762616e+05  8.64142214e-01 
 2.08464622e+05  8.09598321e-01 
 2.20862579e+05  7.59147049e-01 
 2.33997875e+05  7.12375946e-01 
 2.47914363e+05  6.68929833e-01 
 2.62658503e+05  6.28500768e-01 
 2.78279516e+05  5.90820051e-01 
 2.94829554e+05  5.55651811e-01 
 3.12363867e+05  5.22787817e-01 
 3.30940993e+05  4.92043260e-01 
 3.50622951e+05  4.63253293e-01 
 3.71475449e+05  4.36270185e-01 
 3.93568101e+05  4.10960964e-01 
 4.16974663e+05  3.87205446e-01 
 4.41773277e+05  3.64894596e-01 
 4.68046732e+05  3.43929139e-01 
 4.95882740e+05  3.24218390e-01 
 5.25374232e+05  3.05679262e-01 
 5.56619662e+05  2.88235413e-01 
 5.89723342e+05  2.71816521e-01 
 6.24795789e+05  2.56357658e-01 
 6.61954089e+05  2.41798743e-01 
 7.01322293e+05  2.28084075e-01 
 7.43031832e+05  2.15161922e-01 
 7.87221950e+05  2.02984156e-01 
 8.34040174e+05  1.91505941e-01 
 8.83642805e+05  1.80685447e-01 
 9.36195438e+05  1.70483608e-01 
 9.91873520e+05  1.60863894e-01 
 1.05086293e+06  1.51792115e-01 
 1.11336060e+06  1.43236245e-01 
 1.17957517e+06  1.35166256e-01 
 1.24972770e+06  1.27553978e-01 
 1.32405240e+06  1.20372968e-01 
 1.40279739e+06  1.13598384e-01 
 1.48622555e+06  1.07206881e-01 
 1.57461541e+06  1.01176509e-01 
 1.66826206e+06  9.54866222e-02 
 1.76747813e+06  9.01177928e-02 
 1.87259485e+06  8.50517337e-02 
 1.98396314e+06  8.02712268e-02 
 2.10195481e+06  7.57600561e-02 
 2.22696376e+06  7.15029455e-02 
 2.35940734e+06  6.74855014e-02 
 2.49972769e+06  6.36941593e-02 
 2.64839327e+06  6.01161340e-02 
 2.80590040e+06  5.67393725e-02 
 2.97277491e+06  5.35525111e-02 
 3.14957389e+06  5.05448346e-02 
 3.33688759e+06  4.77062379e-02 
 3.53534135e+06  4.50271906e-02 
 3.74559768e+06  4.24987036e-02 
 3.96835854e+06  4.01122977e-02 
 4.20436758e+06  3.78599739e-02 
 4.45441272e+06  3.57341860e-02 
 4.71932872e+06  3.37278146e-02 
 5.00000000e+06  3.18341425e-02 
