 1.00000000e+01  3.17833357e-04 
 1.03913005e+01  3.23513950e-04 
 1.07979127e+01  3.29537869e-04 
 1.12204356e+01  3.35921168e-04 
 1.16594918e+01  3.42680310e-04 
 1.21157284e+01  3.49832163e-04 
 1.25898175e+01  3.57394007e-04 
 1.30824577e+01  3.65383536e-04 
 1.35943750e+01  3.73818869e-04 
 1.41263236e+01  3.82718562e-04 
 1.46790874e+01  3.92101619e-04 
 1.52534809e+01  4.01987510e-04 
 1.58503504e+01  4.12396194e-04 
 1.64705755e+01  4.23348139e-04 
 1.71150700e+01  4.34864352e-04 
 1.77847836e+01  4.46966406e-04 
 1.84807031e+01  4.59676475e-04 
 1.92038540e+01  4.73017367e-04 
 1.99553019e+01  4.87012564e-04 
 2.07361539e+01  5.01686263e-04 
 2.15475607e+01  5.17063416e-04 
 2.23907179e+01  5.33169780e-04 
 2.32668679e+01  5.50031960e-04 
 2.41773017e+01  5.67677460e-04 
 2.51233608e+01  5.86134735e-04 
 2.61064393e+01  6.05433242e-04 
 2.71279856e+01  6.25603495e-04 
 2.81895052e+01  6.46677121e-04 
 2.92925620e+01  6.68686919e-04 
 3.04387815e+01  6.91666915e-04 
 3.16298527e+01  7.15652427e-04 
 3.28675305e+01  7.40680127e-04 
 3.41536388e+01  7.66788100e-04 
 3.54900725e+01  7.94015914e-04 
 3.68788009e+01  8.22404687e-04 
 3.83218704e+01  8.51997151e-04 
 3.98214072e+01  8.82837729e-04 
 4.13796210e+01  9.14972605e-04 
 4.29988078e+01  9.48449798e-04 
 4.46813535e+01  9.83319239e-04 
 4.64297372e+01  1.01963285e-03 
 4.82465354e+01  1.05744464e-03 
 5.01344249e+01  1.09681075e-03 
 5.20961876e+01  1.13778960e-03 
 5.41347142e+01  1.18044192e-03 
 5.62530085e+01  1.22483088e-03 
 5.84541917e+01  1.27102218e-03 
 6.07415074e+01  1.31908414e-03 
 6.31183258e+01  1.36908781e-03 
 6.55881493e+01  1.42110708e-03 
 6.81546171e+01  1.47521879e-03 
 7.08215109e+01  1.53150285e-03 
 7.35927605e+01  1.59004233e-03 
 7.64724491e+01  1.65092363e-03 
 7.94648202e+01  1.71423659e-03 
 8.25742828e+01  1.78007459e-03 
 8.58054190e+01  1.84853476e-03 
 8.91629896e+01  1.91971806e-03 
 9.26519422e+01  1.99372945e-03 
 9.62774177e+01  2.07067806e-03 
 1.00044758e+02  2.15067735e-03 
 1.03959515e+02  2.23384524e-03 
 1.08027456e+02  2.32030435e-03 
 1.12254576e+02  2.41018211e-03 
 1.16647104e+02  2.50361100e-03 
 1.21211512e+02  2.60072874e-03 
 1.25954524e+02  2.70167846e-03 
 1.30883132e+02  2.80660895e-03 
 1.36004596e+02  2.91567486e-03 
 1.41326463e+02  3.02903693e-03 
 1.46856575e+02  3.14686222e-03 
 1.52603081e+02  3.26932439e-03 
 1.58574447e+02  3.39660391e-03 
 1.64779474e+02  3.52888835e-03 
 1.71227304e+02  3.66637267e-03 
 1.77927437e+02  3.80925947e-03 
 1.84889747e+02  3.95775934e-03 
 1.92124493e+02  4.11209112e-03 
 1.99642335e+02  4.27248226e-03 
 2.07454350e+02  4.43916911e-03 
 2.15572050e+02  4.61239735e-03 
 2.24007396e+02  4.79242226e-03 
 2.32772817e+02  4.97950916e-03 
 2.41881230e+02  5.17393377e-03 
 2.51346056e+02  5.37598263e-03 
 2.61181240e+02  5.58595353e-03 
 2.71401276e+02  5.80415592e-03 
 2.82021223e+02  6.03091140e-03 
 2.93056728e+02  6.26655419e-03 
 3.04524054e+02  6.51143160e-03 
 3.16440096e+02  6.76590456e-03 
 3.28822414e+02  7.03034815e-03 
 3.41689253e+02  7.30515218e-03 
 3.55059572e+02  7.59072170e-03 
 3.68953072e+02  7.88747768e-03 
 3.83390226e+02  8.19585757e-03 
 3.98392306e+02  8.51631597e-03 
 4.13981418e+02  8.84932533e-03 
 4.30180533e+02  9.19537658e-03 
 4.47013520e+02  9.55497994e-03 
 4.64505183e+02  9.92866560e-03 
 4.82681296e+02  1.03169846e-02 
 5.01568641e+02  1.07205094e-02 
 5.21195049e+02  1.11398353e-02 
 5.41589439e+02  1.15755805e-02 
 5.62781863e+02  1.20283877e-02 
 5.84803548e+02  1.24989248e-02 
 6.07686942e+02  1.29878859e-02 
 6.31465764e+02  1.34959923e-02 
 6.56175054e+02  1.40239935e-02 
 6.81851219e+02  1.45726688e-02 
 7.08532094e+02  1.51428276e-02 
 7.36256992e+02  1.57353114e-02 
 7.65066768e+02  1.63509948e-02 
 7.95003872e+02  1.69907866e-02 
 8.26112416e+02  1.76556313e-02 
 8.58438239e+02  1.83465107e-02 
 8.92028973e+02  1.90644452e-02 
 9.26934115e+02  1.98104952e-02 
 9.63205097e+02  2.05857630e-02 
 1.00089536e+03  2.13913942e-02 
 1.04006045e+03  2.22285796e-02 
 1.08075807e+03  2.30985570e-02 
 1.12304820e+03  2.40026129e-02 
 1.16699313e+03  2.49420846e-02 
 1.21265764e+03  2.59183624e-02 
 1.26010899e+03  2.69328913e-02 
 1.30941713e+03  2.79871737e-02 
 1.36065469e+03  2.90827712e-02 
 1.41389718e+03  3.02213076e-02 
 1.46922305e+03  3.14044708e-02 
 1.52671383e+03  3.26340160e-02 
 1.58645422e+03  3.39117680e-02 
 1.64853226e+03  3.52396243e-02 
 1.71303942e+03  3.66195580e-02 
 1.78007074e+03  3.80536210e-02 
 1.84972501e+03  3.95439472e-02 
 1.92210485e+03  4.10927559e-02 
 1.99731691e+03  4.27023555e-02 
 2.07547203e+03  4.43751471e-02 
 2.15668536e+03  4.61136286e-02 
 2.24107658e+03  4.79203986e-02 
 2.32877002e+03  4.97981610e-02 
 2.41989492e+03  5.17497294e-02 
 2.51458554e+03  5.37780316e-02 
 2.61298140e+03  5.58861152e-02 
 2.71522751e+03  5.80771523e-02 
 2.82147450e+03  6.03544455e-02 
 2.93187895e+03  6.27214334e-02 
 3.04660353e+03  6.51816971e-02 
 3.16581729e+03  6.77389664e-02 
 3.28969589e+03  7.03971270e-02 
 3.41842187e+03  7.31602276e-02 
 3.55218490e+03  7.60324877e-02 
 3.69118209e+03  7.90183060e-02 
 3.83561824e+03  8.21222687e-02 
 3.98570619e+03  8.53491591e-02 
 4.14166708e+03  8.87039675e-02 
 4.30373074e+03  9.21919015e-02 
 4.47213595e+03  9.58183975e-02 
 4.64713087e+03  9.95891324e-02 
 4.82897336e+03  1.03510037e-01 
 5.01793134e+03  1.07587309e-01 
 5.21428326e+03  1.11827430e-01 
 5.41831845e+03  1.16237178e-01 
 5.63033754e+03  1.20823647e-01 
 5.85065295e+03  1.25594265e-01 
 6.07958931e+03  1.30556817e-01 
 6.31748397e+03  1.35719460e-01 
 6.56468746e+03  1.41090755e-01 
 6.82156403e+03  1.46679686e-01 
 7.08849220e+03  1.52495693e-01 
 7.36586528e+03  1.58548699e-01 
 7.65409198e+03  1.64849147e-01 
 7.95359701e+03  1.71408033e-01 
 8.26482169e+03  1.78236953e-01 
 8.58822460e+03  1.85348138e-01 
 8.92428229e+03  1.92754514e-01 
 9.27348994e+03  2.00469747e-01 
 9.63636210e+03  2.08508309e-01 
 1.00134335e+04  2.16885541e-01 
 1.04052597e+04  2.25617731e-01 
 1.08124180e+04  2.34722193e-01 
 1.12355085e+04  2.44217361e-01 
 1.16751546e+04  2.54122891e-01 
 1.21320040e+04  2.64459778e-01 
 1.26067300e+04  2.75250484e-01 
 1.31000320e+04  2.86519086e-01 
 1.36126369e+04  2.98291438e-01 
 1.41453002e+04  3.10595359e-01 
 1.46988065e+04  3.23460847e-01 
 1.52739716e+04  3.36920313e-01 
 1.58716429e+04  3.51008858e-01 
 1.64927012e+04  3.65764587e-01 
 1.71380614e+04  3.81228965e-01 
 1.78086747e+04  3.97447226e-01 
 1.85055291e+04  4.14468852e-01 
 1.92296514e+04  4.32348117e-01 
 1.99821087e+04  4.51144722e-01 
 2.07640097e+04  4.70924539e-01 
 2.15765065e+04  4.91760468e-01 
 2.24207964e+04  5.13733455e-01 
 2.32981234e+04  5.36933684e-01 
 2.42097802e+04  5.61461983e-01 
 2.51571102e+04  5.87431505e-01 
 2.61415093e+04  6.14969725e-01 
 2.71644279e+04  6.44220840e-01 
 2.82273734e+04  6.75348669e-01 
 2.93319121e+04  7.08540163e-01 
 3.04796714e+04  7.44009707e-01 
 3.16723425e+04  7.82004399e-01 
 3.29116830e+04  8.22810596e-01 
 3.41995189e+04  8.66762091e-01 
 3.55377479e+04  9.14250403e-01 
 3.69283419e+04  9.65737867e-01 
 3.83733499e+04  1.02177443e+00 
 3.98749012e+04  1.08301944e+00 
 4.14352082e+04  1.15027029e+00 
 4.30565701e+04  1.22450052e+00 
 4.47413760e+04  1.30691116e+00 
 4.64921085e+04  1.39900128e+00 
 4.83113472e+04  1.50266635e+00 
 5.02017728e+04  1.62033821e+00 
 5.21661708e+04  1.75518892e+00 
 5.42074359e+04  1.91143488e+00 
 5.63285758e+04  2.09480429e+00 
 5.85327160e+04  2.31327975e+00 
 6.08231043e+04  2.57832553e+00 
 6.32031156e+04  2.90701255e+00 
 6.56762569e+04  3.32591126e+00 
 6.82461724e+04  3.87873743e+00 
 7.09166488e+04  4.64275319e+00 
 7.36916210e+04  5.76826094e+00 
 7.65751781e+04  7.59003798e+00 
 7.95715690e+04  1.10232773e+01 
 8.26852087e+04  1.95589409e+01 
 8.59206854e+04  4.57071761e+01 
 8.92827664e+04  2.34989771e+01 
 9.27764058e+04  1.22917670e+01 
 9.64067516e+04  8.18401431e+00 
 1.00179153e+05  6.10908020e+00 
 1.04099169e+05  4.86320895e+00 
 1.08172575e+05  4.03294106e+00 
 1.12405373e+05  3.43986454e+00 
 1.16803802e+05  2.99471651e+00 
 1.21374341e+05  2.64797334e+00 
 1.26123725e+05  2.36997993e+00 
 1.31058953e+05  2.14190530e+00 
 1.36187297e+05  1.95122194e+00 
 1.41516313e+05  1.78927446e+00 
 1.47053854e+05  1.64989218e+00 
 1.52808079e+05  1.52855807e+00 
 1.58787468e+05  1.42189006e+00 
 1.65000830e+05  1.32730602e+00 
 1.71457321e+05  1.24280067e+00 
 1.78166455e+05  1.16679318e+00 
 1.85138118e+05  1.09802063e+00 
 1.92382583e+05  1.03546200e+00 
 1.99910524e+05  9.78282907e-01 
 2.07733033e+05  9.25794895e-01 
 2.15861638e+05  8.77424843e-01 
 2.24308315e+05  8.32691790e-01 
 2.33085512e+05  7.91189104e-01 
 2.42206160e+05  7.52570636e-01 
 2.51683700e+05  7.16539843e-01 
 2.61532097e+05  6.82841174e-01 
 2.71765862e+05  6.51253183e-01 
 2.82400075e+05  6.21582982e-01 
 2.93450405e+05  5.93661736e-01 
 3.04933135e+05  5.67340983e-01 
 3.16865185e+05  5.42489608e-01 
 3.29264137e+05  5.18991333e-01 
 3.42148260e+05  4.96742637e-01 
 3.55536540e+05  4.75651005e-01 
 3.69448704e+05  4.55633469e-01 
 3.83905251e+05  4.36615359e-01 
 3.98927485e+05  4.18529261e-01 
 4.14537538e+05  4.01314113e-01 
 4.30758415e+05  3.84914446e-01 
 4.47614014e+05  3.69279720e-01 
 4.65129175e+05  3.54363762e-01 
 4.83329704e+05  3.40124274e-01 
 5.02242422e+05  3.26522407e-01 
 5.21895195e+05  3.13522393e-01 
 5.42316982e+05  3.01091224e-01 
 5.63537874e+05  2.89198366e-01 
 5.85589141e+05  2.77815516e-01 
 6.08503276e+05  2.66916382e-01 
 6.32314042e+05  2.56476491e-01 
 6.57056524e+05  2.46473021e-01 
 6.82767181e+05  2.36884650e-01 
 7.09483898e+05  2.27691422e-01 
 7.37246041e+05  2.18874630e-01 
 7.66094518e+05  2.10416709e-01 
 7.96071837e+05  2.02301141e-01 
 8.27222171e+05  1.94512374e-01 
 8.59591419e+05  1.87035739e-01 
 8.93227277e+05  1.79857390e-01 
 9.28179309e+05  1.72964236e-01 
 9.64499015e+05  1.66343887e-01 
 1.00223991e+06  1.59984606e-01 
 1.04145761e+06  1.53875262e-01 
 1.08220991e+06  1.48005287e-01 
 1.12455684e+06  1.42364640e-01 
 1.16856081e+06  1.36943772e-01 
 1.21428666e+06  1.31733596e-01 
 1.26180176e+06  1.26725458e-01 
 1.31117613e+06  1.21911106e-01 
 1.36248252e+06  1.17282672e-01 
 1.41579653e+06  1.12832649e-01 
 1.47119673e+06  1.08553867e-01 
 1.52876474e+06  1.04439474e-01 
 1.58858538e+06  1.00482923e-01 
 1.65074681e+06  9.66779514e-02 
 1.71534062e+06  9.30185685e-02 
 1.78246199e+06  8.94990394e-02 
 1.85220983e+06  8.61138732e-02 
 1.92468690e+06  8.28578102e-02 
 2.00000000e+06  7.97258108e-02 
